batch_size: 128
lr: 0.00001
min_lr: 0.00000001
hard_budget: 15
nepochs: 30
patience: 3
backbone_type: resnet50
